89
21
354
267
223
327
327
225
255
331
26
146
394
243
174
51
22
245
246
309
183
317
395
362
331
109
82
336
160
9
304
261
315
93
344
366
277
155
200
97
138
339
311
29
132
345
140
111
168
195
259
62
99
283
96
217
113
20
212
316
30
99
77
117
13
54
324
398
15
292
375
362
374
281
113
120
390
149
49
117
216
52
122
353
378
230
338
140
51
90
383
13
216
274
64
38
171
209
147
199
331
271
304
228
62
207
377
369
175
350
182
384
213
276
5
369
243
298
150
161
184
340
359
167
40
3
298
369
158
162
73
126
241
201
82
25
133
149
243
353
279
304
344
75
13
250
55
210
369
60
140
52
349
65
351
22
180
352
392
22
14
122
55
12
365
172
355
81
259
81
304
128
360
261
127
138
382
124
76
118
380
329
309
200
300
197
309
278
167
341
353
400
334
278
14
229
183
47
160
395
128
312
48
374
360
19
185
227
351
395
268
39
85
33
44
215
84
39
97
144
356
16
399
262
45
281
365
284
88
270
328
28
96
90
152
321
308
169
100
305
114
314
239
99
334
257
282
241
384
114
309
286
61
241
193
32
278
123
39
147
318
244
300
382
75
254
381
219
229
195
305
135
9
10
137
335
209
313
384
286
281
247
344
102
199
301
111
224
351
333
318
149
336
387
52
336
385
232
28
244
384
375
259
171
335
388
247
8
266
179
248
380
147
273
338
26
333
217
217
333
9
336
33
111
395
301
395
73
380
190
116
307
164
17
121
374
60
47
159
106
97
244
193
293
71
38
293
8
219
105
48
269
274
10
54
3
109
101
192
103
9
22
1
148
88
145
136
201
243
310
141
71
368
284
81
213
251
293
252
225
138
23
50
380
340
246
65
343
95
319
120
397
202
361
389
324
174
272
63
307
