29
752
474
852
436
946
418
785
199
683
84
173
252
190
731
995
282
669
1
190
452
715
308
582
480
451
513
327
762
645
285
692
515
78
586
503
194
999
120
228
249
753
13
609
995
888
534
709
501
96
494
912
652
442
627
911
484
380
273
299
748
515
382
683
758
14
494
663
454
294
92
766
681
492
811
28
604
462
551
705
206
652
687
830
345
22
210
851
104
780
961
737
332
431
329
526
552
481
122
211
324
41
295
345
855
299
553
752
358
137
290
627
502
597
80
167
631
971
707
120
343
293
625
16
536
863
724
427
348
929
215
311
245
457
949
89
581
530
640
332
203
739
124
563
657
172
795
442
943
941
764
836
52
642
593
503
281
470
211
806
10
386
643
851
758
1
710
488
574
722
325
582
382
985
999
668
627
867
112
46
825
505
602
82
998
152
359
176
965
843
927
208
609
894
271
429
843
422
651
689
407
799
6
222
556
939
631
699
231
689
805
726
414
265
520
463
2
518
984
330
872
868
738
242
201
508
681
692
536
63
368
477
179
345
197
975
493
549
188
948
697
107
904
332
100
715
160
836
124
212
81
642
418
543
598
22
717
487
185
611
75
950
703
654
864
711
71
439
312
436
490
93
515
640
519
927
583
915
988
466
280
151
166
968
344
804
965
385
771
825
32
104
766
191
148
512
967
999
795
957
842
642
302
754
714
542
857
154
264
5
456
745
635
949
407
117
836
422
507
833
921
417
246
845
678
774
852
245
989
774
79
851
179
988
703
341
332
234
825
151
670
919
959
372
346
527
339
559
265
446
654
419
760
730
799
962
886
545
214
834
324
32
610
965
416
527
891
16
335
281
707
381
214
941
624
606
576
990
349
168
738
373
581
877
424
111
124
497
752
870
223
195
347
847
146
560
36
621
932
389
760
775
839
174
227
57
241
515
867
720
243
121
379
165
794
897
450
51
23
370
462
612
605
467
882
578
580
10
230
881
13
848
361
114
728
550
914
262
279
272
75
686
278
33
522
451
96
652
953
870
969
434
830
935
242
104
212
314
598
458
643
944
649
657
574
666
765
778
809
781
641
329
79
340
372
968
399
329
841
403
851
401
348
134
50
188
412
811
930
896
801
850
646
312
792
654
157
183
777
656
809
729
106
489
898
496
135
41
99
296
942
590
95
423
706
897
170
199
742
25
865
184
223
701
74
807
374
932
163
649
768
917
114
750
663
711
581
952
397
427
359
41
456
895
899
407
737
457
75
514
608
265
520
65
603
763
250
267
718
968
499
155
732
865
318
425
576
520
843
335
376
724
997
654
785
3
242
205
420
693
786
589
166
314
788
915
425
333
550
457
122
164
660
645
108
239
371
882
876
652
756
895
610
144
535
461
351
341
478
998
338
985
784
694
697
496
312
372
34
85
228
25
964
73
559
59
740
962
259
198
39
431
707
33
252
376
431
951
322
906
869
192
476
214
982
218
127
748
102
439
269
67
201
244
881
500
649
975
273
973
741
579
296
6
391
494
407
735
846
800
905
330
758
796
770
258
196
449
287
659
796
628
473
596
943
373
332
241
445
1000
546
144
724
959
520
420
723
827
725
38
584
611
191
274
740
216
552
40
484
758
326
814
359
594
678
299
539
403
966
619
553
33
92
483
522
514
452
417
442
198
251
861
534
305
930
368
819
571
972
519
205
186
145
960
982
548
546
10
86
106
736
191
70
313
488
732
349
566
113
871
246
279
282
105
24
152
847
889
452
523
405
541
430
558
708
178
575
217
59
199
535
478
879
3
912
41
494
569
761
314
247
381
523
850
321
628
770
601
469
680
928
129
313
937
135
332
192
538
35
132
138
874
375
908
178
231
695
740
129
334
266
322
490
675
547
492
748
337
344
878
669
24
662
514
145
414
649
669
366
474
423
602
102
678
876
928
945
509
499
329
207
359
886
193
436
848
240
224
372
146
665
532
33
841
977
10
928
609
540
652
910
256
230
61
452
976
89
394
929
897
574
181
467
471
170
55
701
762
67
143
706
856
632
286
995
331
458
605
805
95
443
953
501
572
915
637
109
764
331
198
890
658
837
322
605
528
541
480
172
797
485
223
779
729
70
864
853
144
703
658
640
468
353
486
370
856
458
796
122
761
349
614
367
287
876
737
677
845
831
251
625
702
41
358
852
886
293
592
294
457
245
58
742
346
395
704
797
279
274
399
886
538
937
234
686
87
40
904
219
376
581
705
501
186
353
448
93
22
508
739
56
619
569
538
269
312
314
84
869
507
