170
49
344
51
17
586
47
485
325
584
557
539
103
10
557
500
281
280
101
475
115
31
8
395
224
505
188
352
307
330
226
32
64
69
427
594
440
397
405
284
217
366
578
547
527
231
433
547
465
64
590
402
345
313
50
587
489
303
88
354
77
587
434
501
453
469
21
76
60
154
115
149
590
309
304
517
21
309
473
575
497
261
395
145
363
265
289
51
120
45
318
45
230
262
596
498
56
289
319
113
516
149
528
160
483
78
99
249
85
255
364
37
336
480
434
547
237
278
544
194
363
399
518
468
323
551
338
495
357
524
417
232
381
155
568
233
316
462
342
186
152
43
370
410
162
32
338
227
113
518
116
244
9
41
331
278
167
157
468
492
592
159
407
402
256
102
126
171
227
189
512
52
281
366
109
188
385
578
557
329
182
256
180
486
220
143
342
111
359
438
418
353
29
415
465
553
533
516
575
486
14
560
498
119
404
243
13
112
402
447
503
85
570
16
325
404
308
414
31
78
217
374
335
43
310
407
398
32
414
53
336
479
79
68
547
365
371
109
529
306
75
113
108
580
478
166
585
382
312
544
249
466
322
197
104
319
282
43
130
559
297
225
350
110
88
406
450
353
125
121
429
484
141
60
418
479
469
387
160
97
240
392
179
104
574
266
196
585
70
559
14
564
336
541
483
12
557
213
531
39
172
409
125
258
503
399
118
105
593
93
220
280
345
140
597
147
398
162
209
379
463
443
182
472
89
325
540
235
24
450
15
529
15
490
411
144
154
427
533
243
187
313
239
196
148
122
445
352
452
174
24
144
337
479
320
512
190
554
378
227
237
239
489
19
333
444
167
223
365
515
524
258
370
429
43
404
586
209
160
171
80
267
594
180
570
21
306
389
364
58
571
431
136
329
534
456
114
478
290
337
517
22
541
186
199
427
201
237
216
177
369
323
366
202
165
485
240
468
203
67
129
383
499
5
435
91
573
472
372
218
530
257
209
16
469
121
100
54
141
396
105
49
108
563
234
185
299
248
596
65
183
509
203
361
64
256
470
585
218
2
535
305
159
371
264
367
197
18
335
83
583
311
50
8
95
378
160
65
310
548
572
82
220
81
225
129
546
179
454
484
2
27
311
599
327
469
424
330
542
364
554
534
40
4
25
496
434
186
436
459
323
348
344
436
475
67
531
123
341
150
473
367
339
332
390
335
462
364
511
455
104
333
452
202
123
200
563
372
350
355
385
279
56
278
166
137
409
188
212
306
538
277
306
151
568
2
186
443
457
222
5
23
7
159
205
579
58
369
195
203
275
6
379
20
295
199
280
190
569
112
369
596
249
167
317
245
100
480
256
597
319
412
198
116
190
371
441
472
47
561
