776
190
73
757
847
111
73
471
202
923
835
929
83
11
133
924
600
726
749
308
636
264
175
110
377
283
15
192
236
98
335
676
618
694
265
904
427
959
734
590
426
812
314
631
130
959
763
222
110
70
939
545
952
116
366
32
954
25
680
720
83
888
215
225
509
286
631
342
361
927
55
982
864
338
486
373
666
707
921
121
67
16
514
992
245
45
680
112
77
607
863
145
464
46
47
105
959
726
103
836
166
434
132
68
299
294
948
931
189
249
412
337
942
392
768
24
380
407
334
49
104
606
5
401
499
975
914
177
854
720
863
588
487
175
443
742
706
868
352
732
898
505
344
36
32
652
600
367
887
772
461
861
52
305
908
490
522
340
441
600
389
198
486
734
809
110
96
931
356
600
593
415
631
841
682
162
76
40
294
769
325
767
483
814
147
355
67
840
936
741
451
110
404
251
908
857
19
541
201
449
814
349
944
794
48
965
341
950
81
819
200
530
514
184
332
308
344
491
583
333
302
982
59
457
210
277
618
579
534
289
573
169
618
291
623
797
312
802
555
926
891
349
390
370
407
93
873
818
800
827
492
277
286
57
55
420
758
522
755
247
941
330
501
634
843
887
869
367
788
603
514
723
707
777
715
701
755
112
589
829
401
349
635
844
231
403
81
788
626
602
929
551
694
194
467
267
180
810
290
161
931
390
480
501
413
455
778
677
449
427
432
118
362
601
427
720
465
113
787
721
725
439
246
536
852
440
984
421
47
590
135
805
769
356
410
398
767
286
76
898
847
966
857
32
723
858
3
297
951
454
380
184
3
246
510
703
911
516
957
699
896
678
195
170
936
167
906
671
561
160
511
768
695
846
958
863
404
225
232
73
190
748
969
159
640
699
743
476
189
699
8
452
353
341
144
363
163
945
286
602
39
85
593
967
301
375
407
236
944
632
43
967
108
855
920
391
867
129
568
645
256
648
767
658
618
705
520
727
196
248
685
46
673
857
745
692
482
267
691
522
78
990
467
937
183
415
859
95
139
369
272
82
734
496
951
254
509
170
381
204
587
540
405
654
990
354
795
478
926
258
949
20
195
124
454
146
15
423
454
603
875
174
938
883
109
439
561
293
222
977
473
769
84
827
718
896
328
857
367
683
259
826
306
325
344
645
488
306
835
699
611
471
955
398
468
753
575
657
623
761
25
237
436
377
719
157
68
718
318
214
383
120
41
998
941
665
623
245
783
881
427
581
103
363
222
882
374
390
862
157
251
129
641
462
650
878
64
131
418
126
283
221
697
93
819
1
960
417
983
472
593
87
280
470
171
999
29
805
643
237
217
257
347
555
725
218
339
19
292
866
934
481
179
645
696
975
228
556
467
528
121
820
34
249
984
196
170
448
630
716
458
636
672
929
502
435
591
660
750
158
885
365
915
441
141
437
792
977
55
63
497
38
189
435
685
769
760
92
726
129
273
913
746
268
292
465
634
907
820
164
929
154
88
595
815
619
158
983
339
123
952
812
354
143
123
577
867
474
753
766
289
673
78
147
190
855
597
1000
846
50
395
32
172
779
264
321
256
962
177
359
573
139
960
673
71
109
145
911
409
332
324
30
406
888
914
989
769
92
325
211
33
115
982
190
808
222
995
226
595
302
438
554
470
960
171
202
528
150
425
533
280
223
81
536
687
734
171
616
883
923
201
483
750
743
88
48
317
797
72
604
124
493
147
315
89
805
286
328
512
541
581
667
974
134
118
797
724
743
376
326
326
692
979
840
651
250
208
848
756
737
86
43
86
552
867
730
136
234
573
295
609
325
231
484
370
902
380
808
616
784
205
712
787
246
79
290
620
908
954
356
176
313
603
630
402
503
299
116
358
338
121
311
745
438
8
380
597
380
74
428
545
688
318
657
789
417
910
391
209
357
428
263
688
920
295
666
555
111
370
994
948
109
931
851
547
258
449
708
655
756
954
197
869
899
567
401
40
673
681
631
819
188
53
48
965
619
122
36
288
634
308
382
534
131
402
587
672
284
786
78
678
897
972
298
998
271
364
510
462
860
335
810
524
296
123
254
943
584
324
135
296
529
443
953
85
489
195
73
692
785
965
745
755
247
531
598
335
919
733
544
358
391
640
815
906
508
976
529
604
507
477
652
691
203
298
672
745
3
418
420
876
347
821
442
532
523
252
592
510
671
106
274
303
348
89
459
834
937
245
154
677
584
591
626
96
401
565
917
217
53
451
5
210
481
152
565
225
314
945
494
422
601
852
740
649
984
836
635
282
907
