314
290
323
21
3
342
346
253
388
105
149
243
281
303
115
188
250
211
350
390
275
234
228
208
219
152
84
299
398
237
136
379
177
234
167
48
40
261
285
226
199
315
124
270
19
393
101
395
224
394
359
221
342
375
39
182
338
226
224
28
20
27
393
52
258
184
43
177
202
173
76
326
261
201
46
148
270
285
176
119
257
38
309
215
168
350
304
137
134
257
237
195
126
100
79
176
55
54
267
124
51
123
320
138
182
164
172
320
218
154
234
245
381
237
140
231
360
2
109
135
51
358
189
160
315
132
207
115
137
125
332
323
59
55
333
301
53
76
72
393
213
389
276
83
352
239
291
378
366
346
386
12
54
334
113
236
343
336
229
141
284
258
370
315
12
331
182
94
76
15
56
80
165
64
163
6
9
93
236
38
76
352
251
309
170
385
289
116
297
87
73
323
374
111
38
367
79
215
126
374
396
311
160
296
258
9
334
275
153
363
143
106
38
392
146
80
39
122
17
116
5
2
337
182
148
196
280
150
177
199
259
55
174
318
81
310
394
306
164
396
73
347
137
179
290
276
31
195
73
386
60
351
54
125
397
196
205
168
56
103
215
60
341
377
154
130
369
2
343
229
21
114
335
344
238
85
311
59
348
128
132
160
225
167
69
189
287
202
244
172
179
356
311
374
2
179
88
149
3
234
290
125
284
370
248
245
259
180
204
180
58
19
56
175
224
124
296
201
180
397
356
295
19
144
202
311
255
245
13
344
232
364
213
153
256
41
384
28
274
144
247
95
302
186
91
238
79
111
357
354
176
155
353
100
120
112
250
141
230
3
133
308
74
306
275
97
205
149
233
245
289
313
387
260
292
9
200
235
317
354
73
328
349
237
142
187
89
179
87
22
376
61
137
371
391
39
305
282
343
384
