355
176
404
267
196
490
125
104
67
153
370
313
211
248
406
108
570
231
557
165
443
91
401
245
356
460
25
122
337
90
597
24
330
555
253
267
2
504
343
25
483
284
14
500
452
79
265
296
319
192
589
247
538
3
452
335
470
78
399
175
583
11
463
306
249
413
594
515
153
74
37
131
68
445
390
396
506
99
362
199
161
597
5
537
291
501
232
368
77
223
504
298
429
337
356
339
62
472
558
262
433
508
199
472
559
99
503
408
47
462
296
225
538
360
504
427
580
474
9
340
255
395
376
327
69
281
204
120
273
388
119
537
564
111
506
428
255
463
210
318
47
456
266
164
188
490
589
512
101
330
334
182
580
114
327
133
167
61
212
550
270
548
509
177
90
306
120
123
43
402
75
91
479
6
169
537
275
277
562
95
354
434
242
294
385
542
506
407
454
294
19
499
384
83
114
265
324
592
540
456
176
18
294
387
527
291
533
454
475
474
467
346
350
511
30
57
446
324
418
172
12
598
437
13
35
322
533
558
514
390
218
172
392
139
40
352
86
208
551
283
589
91
198
281
79
228
501
428
258
347
423
208
74
446
425
145
439
111
229
447
424
523
94
559
25
557
524
21
301
420
127
378
525
63
157
403
504
124
518
402
304
437
278
153
434
152
403
142
469
512
588
382
301
499
558
501
370
492
597
230
74
217
272
25
249
312
505
595
208
374
181
156
500
45
404
561
406
563
227
123
412
351
40
480
573
234
494
297
297
94
48
488
116
161
430
244
590
208
421
36
257
586
296
296
114
485
352
33
242
354
86
25
127
232
86
593
392
560
337
180
282
385
294
111
233
265
138
287
204
203
389
56
563
384
105
378
284
531
199
251
35
333
445
273
405
139
12
82
343
573
226
188
126
356
560
326
175
388
400
97
384
98
439
120
224
97
436
569
513
446
253
432
2
409
65
584
249
374
231
383
117
159
436
140
108
88
228
105
290
190
421
259
131
195
344
524
362
99
469
574
210
190
226
237
396
394
40
293
58
172
12
284
267
313
109
140
339
44
69
163
202
516
503
256
564
257
87
6
464
588
262
595
311
114
575
388
125
421
439
559
13
214
542
178
430
26
99
437
174
459
210
324
68
44
319
497
351
227
534
204
73
52
141
107
157
215
19
80
302
100
118
428
27
316
337
590
541
150
407
160
115
250
259
426
152
590
429
157
457
5
402
371
379
583
128
21
292
140
141
123
500
299
46
221
435
209
41
262
381
10
432
396
151
598
477
571
554
112
509
495
189
265
194
516
285
583
426
254
276
234
52
272
74
355
383
38
582
464
440
282
148
444
296
77
479
472
44
384
147
31
115
228
167
256
210
515
85
68
574
327
