115
136
93
140
77
187
95
351
376
235
343
186
83
227
32
352
1
319
364
303
5
33
27
156
397
272
9
365
22
217
48
280
240
287
129
169
306
303
87
95
346
342
31
133
21
164
225
63
386
110
16
165
91
233
288
61
26
130
342
240
377
240
193
93
37
211
50
43
290
348
292
172
282
186
331
191
26
4
301
99
80
390
390
327
389
78
52
333
314
392
32
234
325
249
48
59
95
73
221
100
19
269
124
302
241
22
303
145
180
60
27
139
356
204
178
168
221
6
233
267
373
289
24
400
214
203
358
91
193
306
266
32
29
278
296
295
389
252
46
380
51
146
16
339
167
349
85
384
268
231
73
320
347
182
77
321
25
323
54
58
6
180
203
399
130
391
142
198
131
71
294
55
306
143
228
119
80
294
188
305
125
77
396
351
305
1
369
107
358
134
359
24
164
355
387
362
80
366
22
100
277
118
277
348
114
198
344
225
353
31
339
214
266
117
5
158
128
255
28
245
186
87
52
111
77
221
325
116
220
147
331
241
257
141
177
186
223
221
179
254
389
127
283
132
76
54
126
210
227
205
151
199
349
324
238
346
177
400
148
302
359
99
158
117
185
153
245
208
133
312
316
90
375
240
149
311
50
295
207
57
239
372
271
169
150
56
143
44
118
33
392
203
55
227
99
323
196
335
256
143
75
244
206
292
122
365
308
100
311
329
320
18
333
337
90
243
160
264
310
274
206
203
389
85
186
314
42
313
246
51
185
174
25
350
306
271
378
280
149
307
173
21
352
41
387
75
115
80
146
374
313
324
87
185
350
104
101
187
49
70
127
231
361
269
55
385
305
155
279
384
384
52
136
49
364
89
149
350
261
145
236
173
262
154
345
248
110
208
9
342
192
201
208
256
159
340
18
312
67
377
