69
172
83
3
2
184
171
159
113
192
163
162
135
168
181
122
26
9
61
145
24
6
124
200
86
3
101
174
57
164
88
8
146
193
56
155
7
131
170
51
63
25
196
129
85
54
31
9
21
57
151
63
21
72
195
118
89
173
5
35
64
98
120
143
11
179
106
74
124
180
58
68
153
10
87
130
24
65
74
62
16
121
89
68
122
88
155
7
183
135
115
121
81
12
50
186
155
86
92
125
132
50
138
35
65
152
33
183
26
91
81
50
34
156
129
57
123
98
64
133
11
70
128
150
31
147
17
118
111
146
27
195
49
186
73
127
116
84
91
77
192
99
102
6
133
83
101
136
17
187
150
98
140
14
167
65
138
80
90
77
157
163
40
116
106
171
81
12
45
101
31
192
33
71
61
2
140
183
143
131
36
95
86
8
28
85
140
123
107
44
144
198
96
189
111
95
178
39
14
109
