441
634
257
103
535
729
473
290
678
55
597
149
585
581
258
218
438
629
211
32
419
285
503
106
231
12
555
783
99
306
238
320
693
381
427
299
534
191
441
175
157
656
500
372
355
666
683
341
537
624
416
666
722
683
361
492
423
557
495
592
331
662
178
352
162
402
352
604
291
564
138
188
783
695
157
776
696
300
339
550
227
653
665
11
163
47
263
72
482
712
584
42
190
29
133
750
444
691
211
535
718
585
404
657
179
192
776
71
702
688
593
158
36
320
178
684
171
692
349
722
114
226
39
794
503
223
273
102
488
260
710
316
475
453
249
16
9
575
613
210
250
468
428
634
669
415
144
399
702
748
45
224
160
610
415
80
247
655
608
52
253
783
587
561
129
583
290
353
668
384
579
728
426
172
272
325
159
666
630
676
452
123
583
149
501
293
574
773
10
717
685
591
378
655
84
483
356
111
81
144
361
311
499
319
720
512
16
238
470
277
569
595
153
117
615
105
344
397
715
254
614
35
589
27
434
755
414
152
364
428
572
674
464
286
93
180
643
287
636
158
404
669
335
387
291
243
781
406
609
483
778
249
773
755
519
640
274
570
799
649
437
276
330
428
191
566
175
36
120
715
713
174
748
132
121
75
87
253
402
571
74
356
665
361
271
67
168
742
735
352
152
364
187
412
650
680
561
775
198
261
184
270
623
487
370
396
520
319
573
431
570
452
57
622
519
124
708
366
186
27
48
552
485
554
283
517
385
684
714
395
390
1
10
337
165
390
355
584
318
51
330
800
45
284
348
42
184
708
95
68
301
168
455
112
646
693
96
733
609
157
106
339
322
90
699
786
391
81
177
626
137
705
795
586
226
412
486
588
691
673
205
36
482
454
743
531
295
556
792
611
742
9
602
19
363
607
649
317
399
629
707
175
176
575
260
12
678
322
382
666
79
731
260
688
699
424
31
631
241
153
245
718
486
214
212
15
556
746
351
553
156
208
408
415
681
565
509
399
360
95
343
120
208
779
675
184
258
484
300
127
454
292
656
540
99
437
383
206
242
567
691
173
481
176
632
308
647
319
298
97
693
482
555
521
56
364
156
57
316
711
103
611
20
30
564
716
54
759
26
478
482
134
129
210
575
342
348
341
495
116
256
125
132
265
76
284
359
636
99
87
286
380
142
701
32
92
170
229
552
486
307
791
398
697
194
477
323
473
598
698
109
506
273
370
289
784
673
690
658
695
149
36
645
493
296
198
233
290
197
450
147
198
789
66
560
60
517
463
622
765
151
318
649
665
368
680
175
291
747
795
787
497
549
598
293
707
376
292
96
66
124
344
603
786
488
395
695
761
514
569
675
224
155
443
191
567
696
477
132
285
310
564
364
18
549
455
178
96
533
302
746
597
540
217
411
696
151
572
426
489
744
442
702
647
606
579
319
740
759
1
125
679
230
524
640
242
549
3
652
545
341
538
706
266
276
181
666
166
308
234
675
55
663
741
594
417
234
124
230
210
239
68
266
256
288
606
642
189
561
49
489
180
97
733
35
432
496
772
283
91
28
331
243
226
185
312
599
238
776
506
442
486
655
632
354
25
464
254
646
741
311
212
561
569
485
264
315
564
372
608
596
96
441
697
754
101
60
543
250
321
137
537
50
719
570
214
402
132
791
59
585
9
402
434
155
757
105
369
701
785
270
153
553
619
44
209
224
54
747
740
61
252
651
229
570
244
7
389
461
297
424
487
125
208
71
757
274
712
590
630
471
263
572
375
193
95
265
334
697
270
94
799
585
210
491
199
556
126
310
485
389
53
447
190
649
35
727
299
237
712
