19
151
47
168
198
62
46
127
115
66
149
78
116
107
193
165
83
176
164
143
21
199
85
179
111
22
171
18
54
194
54
119
200
180
194
147
195
85
52
149
140
117
11
154
109
42
133
44
161
6
186
97
121
119
165
118
40
12
166
115
122
125
171
75
98
192
159
21
9
48
19
122
95
40
169
111
197
156
78
57
83
148
110
19
101
111
144
15
120
180
176
151
154
86
146
123
182
101
161
146
38
24
105
149
15
144
197
94
64
138
12
49
169
37
161
45
91
193
197
174
196
22
110
133
126
103
165
126
98
6
105
156
80
96
85
144
36
190
14
27
116
156
154
144
27
183
48
22
160
69
60
189
142
61
18
51
169
88
133
18
174
162
134
40
27
96
20
173
78
95
49
162
144
109
123
135
177
177
89
151
136
120
135
125
19
186
147
36
90
113
145
113
112
73
171
31
183
151
163
140
