677
165
693
542
743
170
241
273
594
685
365
252
526
167
130
260
25
699
167
616
347
582
163
669
691
661
550
568
205
751
683
205
776
79
637
745
94
95
526
126
589
145
554
601
257
660
558
798
203
540
310
796
465
235
617
337
206
16
131
187
721
494
262
154
402
128
688
255
720
420
228
614
380
513
386
761
451
656
740
217
153
129
450
620
136
397
721
446
267
541
597
232
719
418
500
402
635
233
35
141
710
148
209
14
444
534
55
168
216
11
7
364
326
349
427
491
90
169
713
209
353
200
695
251
758
618
534
83
703
622
32
442
575
392
292
639
256
181
263
10
586
408
569
457
399
728
17
796
702
147
425
344
603
762
782
102
340
583
232
630
382
472
389
545
313
176
427
371
209
524
370
227
523
42
384
663
491
640
426
135
567
676
1
132
12
502
262
147
24
30
680
427
16
342
256
337
128
606
678
674
782
15
164
504
279
52
464
765
171
380
779
717
625
791
627
738
29
521
618
245
585
396
781
162
30
683
123
130
334
633
160
451
711
366
571
228
642
383
110
376
72
263
469
680
427
45
757
69
33
279
64
416
84
215
634
592
64
538
776
213
273
317
567
84
458
440
737
259
451
25
566
790
578
284
302
345
564
324
358
656
162
783
661
473
234
485
708
497
554
733
237
703
751
112
437
519
108
559
252
758
608
50
512
532
439
64
715
400
254
111
195
665
649
171
452
387
427
683
119
608
582
778
596
735
556
258
200
483
562
607
561
233
463
126
101
524
519
713
401
798
277
230
591
62
544
182
45
55
438
453
635
406
664
615
103
154
763
470
36
354
178
449
172
635
396
290
679
644
781
574
97
356
476
752
284
647
673
426
345
543
726
119
797
372
347
521
342
222
634
397
13
520
375
213
14
773
295
391
586
565
173
502
342
478
644
461
336
299
624
308
322
106
669
267
619
761
681
747
181
799
378
597
30
422
679
115
380
646
290
99
756
53
733
39
729
437
558
7
600
132
252
265
556
741
403
208
729
367
92
325
697
191
187
24
743
353
778
598
323
91
280
335
614
710
300
650
463
565
375
422
75
254
40
785
334
402
200
154
445
591
318
642
191
547
581
756
27
476
535
757
104
773
618
656
573
318
99
283
774
588
354
344
123
364
353
100
652
622
653
369
241
737
282
5
370
358
757
211
658
209
568
530
272
795
633
628
499
542
787
80
108
541
280
296
754
731
70
673
682
744
248
329
766
427
276
8
656
436
404
465
594
200
355
458
623
248
482
588
465
364
427
662
714
272
455
689
467
356
465
730
35
598
797
764
666
332
294
676
58
707
55
428
148
166
24
202
38
29
376
668
151
445
124
247
283
763
459
800
513
131
470
89
629
621
671
798
341
340
647
561
82
686
761
244
116
35
375
27
523
309
370
199
776
522
21
238
614
760
374
239
660
691
663
225
302
671
174
733
545
538
288
459
1
64
119
67
291
681
344
688
637
640
159
567
173
260
672
92
704
555
278
438
157
480
586
642
521
160
501
57
46
269
700
349
484
720
348
344
763
582
466
538
205
405
420
354
78
567
349
314
659
426
584
272
137
783
571
590
650
230
764
422
264
283
236
567
775
123
241
167
689
277
494
500
296
404
195
474
502
511
129
391
212
324
317
374
28
702
94
185
80
345
459
347
659
106
394
308
770
594
100
552
642
800
206
4
257
382
294
248
492
630
212
455
155
439
739
540
307
779
263
341
290
293
287
160
624
724
210
246
364
434
774
219
609
796
241
724
237
142
522
426
240
229
773
99
698
133
555
107
18
82
255
170
231
590
640
144
115
686
