44
155
100
49
11
39
85
113
3
73
181
125
122
114
10
9
134
51
87
5
25
179
80
8
60
132
196
63
20
52
38
96
1
65
42
157
200
8
194
100
70
27
154
159
190
138
184
123
176
139
160
122
16
40
42
76
121
78
54
143
16
73
107
62
178
24
94
110
123
40
57
55
67
37
2
161
80
40
61
149
174
184
105
25
25
58
117
64
158
56
35
171
185
126
32
173
112
177
51
154
18
114
80
79
14
85
70
13
163
2
52
45
160
39
77
81
158
90
179
191
73
150
94
16
175
129
138
182
155
164
123
9
22
101
147
33
182
75
134
112
176
62
128
137
105
139
192
154
68
148
81
121
192
194
37
108
103
154
133
181
13
82
1
144
197
79
178
78
122
106
131
123
34
55
179
64
28
197
127
45
149
147
79
51
31
46
75
60
82
125
161
92
1
90
70
113
86
27
123
106
