353
126
338
654
746
197
749
461
480
401
60
292
486
341
705
527
619
707
436
33
124
214
249
65
489
373
689
133
119
593
57
723
210
633
295
73
332
53
588
470
343
531
21
472
162
764
297
611
550
193
222
416
96
550
196
512
46
19
397
276
699
777
200
162
713
230
183
617
66
453
388
711
210
533
612
140
327
13
268
702
698
394
478
246
45
602
648
22
765
701
731
681
510
474
164
83
259
225
524
395
286
120
233
601
591
546
549
211
342
483
165
785
7
790
515
22
740
709
486
115
656
253
225
569
547
407
180
260
365
389
151
553
197
334
698
418
368
195
351
449
398
308
495
658
578
484
265
414
701
491
358
232
184
99
798
782
485
60
206
380
144
263
317
580
209
158
763
25
649
503
651
72
604
124
390
433
213
602
64
545
614
731
563
180
786
639
787
480
600
798
528
655
178
144
698
213
540
788
323
10
600
383
355
687
323
773
519
623
294
494
43
192
609
66
517
331
124
714
104
454
722
424
301
556
223
401
531
260
357
50
726
318
247
499
516
643
313
210
87
413
641
215
44
95
422
710
591
741
634
304
531
775
519
67
99
59
95
167
666
11
793
594
126
387
445
138
716
640
141
246
229
351
529
129
413
571
741
436
733
230
203
103
63
794
210
202
635
784
147
613
762
326
563
286
568
294
620
586
653
209
332
779
15
466
382
235
275
770
697
133
785
421
263
678
222
436
114
136
386
22
707
428
618
47
644
528
738
367
327
72
541
771
30
314
202
564
447
631
692
9
455
625
323
669
614
84
67
239
357
87
421
787
151
91
261
401
274
625
210
378
202
235
685
158
657
142
389
507
83
28
775
285
604
154
232
6
211
289
741
154
432
442
208
368
660
776
575
638
744
190
703
539
90
524
561
754
546
391
283
247
344
786
576
698
301
193
366
299
784
747
681
255
681
704
260
492
220
226
694
542
257
431
738
127
697
481
735
339
425
491
222
118
453
638
483
697
532
113
499
436
607
351
163
567
472
434
271
363
45
752
250
413
372
759
774
275
653
587
609
632
298
683
664
330
729
45
204
223
736
165
160
243
258
321
598
679
241
503
619
274
371
213
574
534
186
233
225
174
800
625
650
273
196
675
315
441
721
194
271
110
64
478
194
382
541
306
753
167
464
563
378
549
342
474
172
752
336
330
679
445
676
75
306
332
312
27
80
517
328
154
652
271
101
81
145
402
703
130
146
433
11
77
367
673
83
466
225
731
58
566
3
295
252
771
399
43
244
97
218
521
500
453
268
367
478
624
200
679
238
459
774
87
278
663
112
362
132
778
28
53
254
465
561
587
716
695
307
419
491
649
242
622
139
626
613
554
405
498
688
394
719
203
148
533
165
372
334
25
239
706
464
522
576
266
654
532
701
753
362
599
595
624
206
644
361
672
725
767
733
642
774
590
101
663
259
10
175
552
87
476
33
177
290
297
253
200
432
308
273
107
758
450
412
174
577
94
486
66
751
389
704
630
48
548
632
17
482
467
572
780
604
636
93
27
237
498
343
504
676
483
683
182
321
702
569
256
325
303
577
137
79
364
766
333
604
663
133
651
239
67
750
408
619
589
400
495
533
634
422
745
647
485
308
169
294
298
528
168
54
479
736
716
681
14
407
789
87
532
249
116
434
561
547
768
676
335
603
312
326
447
200
72
706
250
796
611
379
473
242
153
529
3
565
374
521
282
26
234
581
117
340
451
290
82
27
339
416
29
673
437
85
300
649
395
73
555
767
490
35
505
781
486
327
165
685
257
70
250
574
533
80
494
8
288
207
538
729
615
395
289
