869
427
337
86
939
702
103
25
104
802
241
100
912
861
551
836
416
246
317
461
995
154
48
162
72
208
136
766
382
121
548
993
106
260
423
534
9
77
221
984
63
483
272
815
133
939
878
833
472
673
192
974
922
326
581
805
199
351
886
314
6
144
978
941
766
721
269
465
209
3
401
420
458
57
624
130
373
814
334
312
255
641
110
292
110
116
900
546
81
324
768
302
843
720
436
466
896
256
546
462
548
529
529
971
434
21
40
995
751
436
162
543
124
727
786
832
323
650
177
751
976
868
14
856
767
534
564
389
430
317
796
463
789
175
699
535
116
391
212
684
580
630
487
891
88
347
823
884
65
958
242
284
299
850
884
98
889
898
847
181
593
174
896
189
884
209
289
690
29
850
732
542
997
655
914
612
939
286
51
204
962
321
595
613
397
940
389
793
922
207
607
619
488
254
732
131
126
77
307
2
97
235
707
498
494
3
103
354
85
683
300
400
396
715
281
591
441
516
205
226
336
374
651
720
602
833
451
364
681
581
879
846
412
423
19
945
90
271
671
598
552
590
752
620
890
977
856
16
265
583
401
312
168
374
632
825
602
976
359
182
948
904
203
296
323
89
546
168
254
797
692
86
564
997
78
720
583
605
35
441
107
978
495
381
56
878
367
428
972
863
881
813
648
702
970
165
364
1
430
327
885
879
146
736
485
234
993
410
987
67
595
373
237
120
605
926
702
766
884
122
156
332
693
469
557
451
624
882
308
783
692
129
505
635
555
575
845
842
433
97
908
643
533
951
374
916
977
679
728
579
459
245
233
307
906
372
307
156
103
757
954
938
994
863
446
372
350
837
444
591
692
141
445
598
505
474
928
305
854
996
319
732
409
28
381
3
166
491
843
264
251
141
584
580
535
273
21
977
223
278
726
803
619
854
216
346
272
898
664
70
848
500
100
754
692
504
631
301
953
301
953
826
346
648
472
409
780
342
41
163
411
103
75
137
203
285
553
612
174
257
510
111
952
384
654
957
798
412
113
488
191
270
484
327
948
972
875
741
858
481
493
981
911
679
104
527
305
549
82
363
615
664
694
28
716
521
80
211
949
690
733
472
242
742
315
447
851
477
779
855
732
875
775
236
801
978
513
459
895
241
94
943
312
819
615
14
921
614
947
611
985
757
283
654
461
483
938
486
345
527
776
92
124
39
868
434
932
127
208
176
307
282
394
930
718
339
23
586
116
577
146
726
855
407
486
156
904
67
737
793
832
710
419
323
383
397
403
204
201
59
865
993
460
688
549
326
407
705
14
275
281
2
932
933
183
682
712
657
556
425
619
559
252
440
407
540
934
634
506
497
858
402
608
302
156
649
50
186
937
237
859
166
35
242
355
447
495
185
536
987
195
312
619
560
207
352
971
825
754
731
450
777
201
276
314
810
464
708
876
504
292
156
929
88
978
907
98
902
352
68
277
362
31
3
490
983
222
799
27
612
172
771
238
338
869
986
700
588
386
880
864
207
150
637
589
194
673
928
241
724
673
959
896
365
220
289
634
779
404
431
945
81
868
421
936
190
771
773
990
668
25
415
382
360
748
679
408
344
157
110
859
130
679
999
486
342
805
559
499
673
146
599
449
636
144
331
280
453
539
809
91
148
861
602
329
475
959
736
93
584
573
593
74
515
260
609
729
15
788
722
987
108
147
682
773
738
751
142
687
797
53
947
901
678
949
828
293
490
248
131
234
762
417
197
198
192
952
919
327
193
851
852
184
27
621
568
278
704
385
329
222
930
223
84
213
889
961
962
995
846
114
794
421
266
402
966
250
436
378
902
868
971
416
693
43
73
313
318
192
637
554
939
942
891
961
519
803
59
779
684
819
786
490
165
234
126
502
242
523
525
814
267
6
65
300
923
948
380
680
669
662
24
681
717
742
600
975
940
823
521
285
386
319
818
539
539
684
629
999
46
997
840
648
184
635
465
764
16
701
627
584
170
624
172
926
53
720
555
86
436
622
972
872
883
14
680
126
451
889
703
802
223
835
51
959
852
391
901
713
68
654
597
501
861
215
147
50
204
810
508
155
55
748
980
309
198
866
509
73
107
254
587
974
620
236
622
978
912
40
684
969
638
453
843
593
454
17
739
52
325
258
339
368
385
642
918
578
532
833
349
197
84
284
561
88
782
760
317
432
793
48
998
128
476
33
251
199
15
80
486
733
727
784
805
323
71
973
664
673
494
999
132
970
592
676
342
335
344
400
205
15
116
300
422
65
602
838
994
908
886
