378
202
28
220
286
53
183
18
560
293
323
554
118
126
34
225
329
278
210
123
573
333
430
210
560
286
304
371
34
144
428
507
183
570
235
416
515
361
104
278
230
362
566
410
108
402
548
431
105
540
499
377
567
214
319
554
481
194
81
392
535
593
288
266
530
126
294
358
511
213
271
73
505
146
304
528
148
183
153
498
433
499
75
72
13
204
562
402
37
107
484
577
144
301
594
233
507
117
516
104
295
515
323
502
229
149
415
515
142
393
75
11
576
156
365
598
254
6
378
538
409
210
79
148
491
462
19
315
164
92
206
433
271
35
42
570
376
95
28
267
251
457
240
536
310
467
584
444
344
109
503
318
207
272
249
487
261
68
457
581
509
104
80
484
558
271
471
448
332
236
218
224
250
239
244
383
520
235
23
142
489
307
161
299
463
493
160
568
426
317
23
13
459
335
197
281
388
190
451
298
214
570
246
63
467
83
241
365
178
174
578
250
500
252
20
503
81
152
455
561
352
591
96
287
103
324
463
50
282
31
398
242
556
227
364
597
242
574
387
174
488
523
478
316
20
392
501
377
479
573
492
360
484
148
560
203
536
342
356
335
198
191
182
569
105
434
308
378
291
6
417
416
87
71
520
109
28
360
227
17
236
444
291
72
322
500
308
424
253
313
254
151
402
213
127
266
398
316
333
273
578
229
579
185
596
495
543
24
342
238
110
381
545
314
597
63
489
525
184
557
114
586
68
363
193
241
162
346
242
206
457
547
380
101
168
435
506
86
233
247
506
93
255
38
403
38
578
271
17
235
201
67
245
581
333
152
457
431
591
340
297
433
45
384
9
74
117
211
16
479
73
325
481
500
262
265
268
197
39
175
175
184
292
319
145
285
472
75
495
260
598
17
454
353
272
341
452
233
527
262
72
473
372
353
233
174
23
46
179
95
442
25
200
257
587
99
436
485
287
553
141
584
79
599
596
28
330
26
50
62
450
249
516
522
399
522
107
205
39
23
373
530
8
475
412
192
509
274
457
76
369
229
441
139
457
389
334
136
19
254
36
155
205
235
43
67
417
529
379
360
394
360
43
383
70
30
466
279
108
342
214
501
120
441
450
480
484
230
219
413
151
186
475
30
322
560
500
201
499
28
549
551
380
1
274
564
152
85
252
455
436
396
528
435
242
78
444
437
588
398
482
573
577
243
233
353
327
425
293
335
74
140
139
264
481
156
65
250
472
83
145
413
247
274
399
115
115
23
422
399
193
165
456
486
512
436
484
469
476
368
354
45
288
109
421
556
532
437
19
567
577
524
115
438
191
316
590
208
175
185
330
108
54
449
113
523
408
109
434
47
518
428
390
427
594
433
298
587
512
554
