0
800
1
799
2
798
3
797
4
796
5
795
6
794
7
793
8
792
9
791
10
790
11
789
12
788
13
787
14
786
15
785
16
784
17
783
18
782
19
781
20
780
21
779
22
778
23
777
24
776
25
775
26
774
27
773
28
772
29
771
30
770
31
769
32
768
33
767
34
766
35
765
36
764
37
763
38
762
39
761
40
760
41
759
42
758
43
757
44
756
45
755
46
754
47
753
48
752
49
751
50
750
51
749
52
748
53
747
54
746
55
745
56
744
57
743
58
742
59
741
60
740
61
739
62
738
63
737
64
736
65
735
66
734
67
733
68
732
69
731
70
730
71
729
72
728
73
727
74
726
75
725
76
724
77
723
78
722
79
721
80
720
81
719
82
718
83
717
84
716
85
715
86
714
87
713
88
712
89
711
90
710
91
709
92
708
93
707
94
706
95
705
96
704
97
703
98
702
99
701
100
700
101
699
102
698
103
697
104
696
105
695
106
694
107
693
108
692
109
691
110
690
111
689
112
688
113
687
114
686
115
685
116
684
117
683
118
682
119
681
120
680
121
679
122
678
123
677
124
676
125
675
126
674
127
673
128
672
129
671
130
670
131
669
132
668
133
667
134
666
135
665
136
664
137
663
138
662
139
661
140
660
141
659
142
658
143
657
144
656
145
655
146
654
147
653
148
652
149
651
150
650
151
649
152
648
153
647
154
646
155
645
156
644
157
643
158
642
159
641
160
640
161
639
162
638
163
637
164
636
165
635
166
634
167
633
168
632
169
631
170
630
171
629
172
628
173
627
174
626
175
625
176
624
177
623
178
622
179
621
180
620
181
619
182
618
183
617
184
616
185
615
186
614
187
613
188
612
189
611
190
610
191
609
192
608
193
607
194
606
195
605
196
604
197
603
198
602
199
601
200
600
201
599
202
598
203
597
204
596
205
595
206
594
207
593
208
592
209
591
210
590
211
589
212
588
213
587
214
586
215
585
216
584
217
583
218
582
219
581
220
580
221
579
222
578
223
577
224
576
225
575
226
574
227
573
228
572
229
571
230
570
231
569
232
568
233
567
234
566
235
565
236
564
237
563
238
562
239
561
240
560
241
559
242
558
243
557
244
556
245
555
246
554
247
553
248
552
249
551
250
550
251
549
252
548
253
547
254
546
255
545
256
544
257
543
258
542
259
541
260
540
261
539
262
538
263
537
264
536
265
535
266
534
267
533
268
532
269
531
270
530
271
529
272
528
273
527
274
526
275
525
276
524
277
523
278
522
279
521
280
520
281
519
282
518
283
517
284
516
285
515
286
514
287
513
288
512
289
511
290
510
291
509
292
508
293
507
294
506
295
505
296
504
297
503
298
502
299
501
300
500
301
499
302
498
303
497
304
496
305
495
306
494
307
493
308
492
309
491
310
490
311
489
312
488
313
487
314
486
315
485
316
484
317
483
318
482
319
481
320
480
321
479
322
478
323
477
324
476
325
475
326
474
327
473
328
472
329
471
330
470
331
469
332
468
333
467
334
466
335
465
336
464
337
463
338
462
339
461
340
460
341
459
342
458
343
457
344
456
345
455
346
454
347
453
348
452
349
451
350
450
351
449
352
448
353
447
354
446
355
445
356
444
357
443
358
442
359
441
360
440
361
439
362
438
363
437
364
436
365
435
366
434
367
433
368
432
369
431
370
430
371
429
372
428
373
427
374
426
375
425
376
424
377
423
378
422
379
421
380
420
381
419
382
418
383
417
384
416
385
415
386
414
387
413
388
412
389
411
390
410
391
409
392
408
393
407
394
406
395
405
396
404
397
403
398
402
399
401
